12470	4160	17
0.8349344730377197	8.731623649597168	0.4094315767288208	0.49933764338493347	0.12278634309768677	0.37446202799530126	4	0.3132346659956391	7	0.31230330600905964	2	0.8812347054481506	0.3198391795158386	0.3480350375175476	-0.24389438331127167	-0.32304131984710693	0.9144178032875061	0.4048962891101837	-0.8907003998756409	-0.2066681981086731
0.9346181154251099	8.318790435791016	0.5364174842834473	0.5103184580802917	0.1553315669298172	0.6607591911829074	4	0.17981713416819806	2	0.1594236746488945	7	0.8812347054481506	0.3198391795158386	0.3480350375175476	-0.24389436841011047	-0.32304129004478455	0.9144177436828613	0.4048963189125061	-0.8907004594802856	-0.2066682130098343
1.0126259326934814	8.29344654083252	0.3621901273727417	0.49609023332595825	0.1630169004201889	0.7771585425826886	4	0.11849523632181896	2	0.10434622109549249	7	0.8812347054481506	0.3198391795158386	0.3480350375175476	-0.24389436841011047	-0.32304129004478455	0.9144178032875061	0.4048963487148285	-0.8907004594802856	-0.2066682130098343
0.6682265400886536	9.218215942382812	0.4694209098815918	0.503097414970398	0.08269945532083511	0.34672049591868226	7	0.33215417196292996	2	0.3211253321183878	3	0.9431544542312622	0.3076147735118866	0.125828355550766	-0.1068376898765564	-0.07788728177547455	0.9912211298942566	0.3147146999835968	-0.94831782579422	-0.04059488698840141
0.8112260103225708	8.734343528747559	0.5804905295372009	0.5129998326301575	0.1214677095413208	0.36548573327915657	4	0.31796646524986494	7	0.31654780147097855	2	0.9431544542312622	0.3076147735118866	0.125828355550766	-0.10683770477771759	-0.07788728177547455	0.9912211894989014	0.3147146701812744	-0.94831782579422	-0.040594879537820816
0.8349344730377197	8.731623649597168	0.4094315767288208	0.49933764338493347	0.12278634309768677	0.37446202799530126	4	0.3132346659956391	7	0.31230330600905964	2	0.9431544542312622	0.3076147735118866	0.125828355550766	-0.106837697327137	-0.07788728922605515	0.9912211894989014	0.3147146701812744	-0.94831782579422	-0.04059488698840141
0.6374379396438599	9.220277786254883	0.6415955424308777	0.5168125033378601	0.08197074383497238	0.34966520727259487	7	0.3317303830164464	2	0.3186044097109587	3	0.9422271251678467	0.33429673314094543	0.021300947293639183	-0.008221244439482689	-0.040492407977581024	0.9991461038589478	0.3348737955093384	-0.9415977001190186	-0.03540470823645592
0.8071881532669067	8.73534107208252	0.743445873260498	0.5259571671485901	0.12085297703742981	0.3794565704743589	4	0.3122905575246555	7	0.3082528720009856	2	0.9422271251678467	0.33429673314094543	0.021300947293639183	-0.008221243508160114	-0.040492404252290726	0.999146044254303	0.3348737955093384	-0.9415976405143738	-0.03540470451116562
0.8112260103225708	8.734343528747559	0.5804905295372009	0.5129998326301575	0.1214677095413208	0.36548573327915657	4	0.31796646524986494	7	0.31654780147097855	2	0.9422271251678467	0.33429673314094543	0.021300947293639183	-0.008221244439482689	-0.040492407977581024	0.9991461038589478	0.3348737955093384	-0.9415977001190186	-0.03540470823645592
0.8112260103225708	8.734343528747559	0.5804905295372009	0.5129998326301575	0.1214677095413208	0.36548573327915657	4	0.31796646524986494	7	0.31654780147097855	2	0.9588727355003357	0.2794514000415802	0.049700044095516205	-0.0330735482275486	-0.06390339881181717	0.9974079132080078	0.2819029986858368	-0.9580309391021729	-0.05203276872634888
0.9253462553024292	8.321831703186035	0.6982010006904602	0.5232980847358704	0.15424641966819763	0.5618520929680642	4	0.2315556151185062	2	0.20659229191342965	7	0.9588727355003357	0.2794514000415802	0.049700044095516205	-0.0330735482275486	-0.06390341371297836	0.9974079728126526	0.2819029986858368	-0.9580308794975281	-0.052032776176929474
0.9346181154251099	8.318790435791016	0.5364174842834473	0.5103184580802917	0.1553315669298172	0.6607591911829074	4	0.17981713416819806	2	0.1594236746488945	7	0.9588727355003357	0.2794514000415802	0.049700044095516205	-0.0330735482275486	-0.06390339881181717	0.9974079132080078	0.2819029986858368	-0.9580309391021729	-0.05203276872634888
0.5147992372512817	9.708054542541504	0.5241349935531616	0.507057249546051	0.042388059198856354	0.3531013049930558	7	0.3279754573272857	2	0.31892323767965847	3	0.946198046207428	0.2778404653072357	0.16587373614311218	-0.16138118505477905	-0.039131082594394684	0.9861160516738892	0.2804737687110901	-0.9598299860954285	0.007812471129000187
0.6374379396438599	9.220277786254883	0.6415955424308777	0.5168125033378601	0.08197074383497238	0.34966520727259487	7	0.3317303830164464	2	0.3186044097109587	3	0.946198046207428	0.2778404653072357	0.16587373614311218	-0.16138118505477905	-0.039131082594394684	0.9861161112785339	0.2804737389087677	-0.9598299264907837	0.007812471129000187
0.6682265400886536	9.218215942382812	0.4694209098815918	0.503097414970398	0.08269945532083511	0.34672049591868226	7	0.33215417196292996	2	0.3211253321183878	3	0.946198046207428	0.2778404653072357	0.16587373614311218	-0.16138118505477905	-0.039131082594394684	0.9861160516738892	0.2804737687110901	-0.9598299860954285	0.007812471129000187
0.5147992372512817	9.708054542541504	0.5241349935531616	0.507057249546051	0.042388059198856354	0.3531013049930558	7	0.3279754573272857	2	0.31892323767965847	3	0.9819324612617493	-0.015319529920816422	0.1886107474565506	-0.18901166319847107	-0.03133411705493927	0.981474757194519	-0.009125781245529652	-0.9993915557861328	-0.0336635559797287
0.489827960729599	10.161215782165527	0.6909458637237549	0.5249531865119934	0.0012536381836980581	0.35632493532400644	7	0.32256513359520217	2	0.3211099310807914	4	0.9819324612617493	-0.015319529920816422	0.1886107474565506	-0.18901169300079346	-0.03133412078022957	0.9814748167991638	-0.009125780314207077	-0.9993916153907776	-0.033663559705019
0.48190897703170776	9.711002349853516	0.695605456829071	0.5208277106285095	0.04163244739174843	0.35537159171711463	7	0.3273546586664199	2	0.31727374961646543	3	0.9819324612617493	-0.015319529920816422	0.1886107474565506	-0.18901167809963226	-0.03133412078022957	0.981474757194519	-0.009125780314207077	-0.9993915557861328	-0.033663559705019
0.48190897703170776	9.711002349853516	0.695605456829071	0.5208277106285095	0.04163244739174843	0.35537159171711463	7	0.3273546586664199	2	0.31727374961646543	3	0.9991012811660767	-0.03518647700548172	0.023633182048797607	-0.024774927645921707	-0.032373957335948944	0.9991687536239624	-0.03439212962985039	-0.9988563060760498	-0.033216606825590134
0.49401918053627014	10.159646034240723	0.8516095280647278	0.5377866625785828	0.0008357588085345924	0.35374352752835075	7	0.3272665407901583	4	0.3189899316814909	2	0.9991012811660767	-0.03518647700548172	0.023633182048797607	-0.024774925783276558	-0.032373953610658646	0.9991686940193176	-0.03439212590456009	-0.998856246471405	-0.033216603100299835
0.4780518412590027	9.710845947265625	0.8584343791007996	0.5337793231010437	0.04117210954427719	0.3585195498601373	7	0.3263578811202801	2	0.3151225690195827	3	0.9991012811660767	-0.03518647700548172	0.023633182048797607	-0.024774927645921707	-0.032373957335948944	0.9991687536239624	-0.03439212962985039	-0.9988563060760498	-0.033216606825590134
0.48190897703170776	9.711002349853516	0.695605456829071	0.5208277106285095	0.04163244739174843	0.35537159171711463	7	0.3273546586664199	2	0.31727374961646543	3	0.95376056432724	0.29951032996177673	0.02518642321228981	-0.016092848032712936	-0.03278983011841774	0.9993327260017395	0.3001363277435303	-0.9535294771194458	-0.026453673839569092
0.6330395936965942	9.220571517944336	0.8046593070030212	0.5297719836235046	0.08150845766067505	0.3541809681077324	7	0.3308016104868776	2	0.3150174214053899	3	0.95376056432724	0.29951032996177673	0.02518642321228981	-0.016092848032712936	-0.03278983384370804	0.9993327856063843	0.3001362979412079	-0.953529417514801	-0.026453673839569092
0.6374379396438599	9.220277786254883	0.6415955424308777	0.5168125033378601	0.08197074383497238	0.34966520727259487	7	0.3317303830164464	2	0.3186044097109587	3	0.95376056432724	0.29951032996177673	0.02518642321228981	-0.016092846170067787	-0.03278983011841774	0.9993326663970947	0.3001363277435303	-0.953529417514801	-0.026453673839569092
0.4780518412590027	9.710845947265625	0.8584343791007996	0.5337793231010437	0.04117210954427719	0.3585195498601373	7	0.3263578811202801	2	0.3151225690195827	3	0.9539738893508911	0.29709160327911377	0.04087149724364281	-0.032585352659225464	-0.03279198333621025	0.9989308714866638	0.29811421036720276	-0.9542856812477112	-0.021601861342787743
0.6264454126358032	9.220630645751953	0.9581430554389954	0.5426055192947388	0.08109056949615479	0.35013426676184367	7	0.3302790678214301	4	0.31958666541672626	2	0.9539738893508911	0.29709160327911377	0.04087149724364281	-0.032585352659225464	-0.03279198333621025	0.9989308714866638	0.29811421036720276	-0.9542856812477112	-0.021601861342787743
0.6330395936965942	9.220571517944336	0.8046593070030212	0.5297719836235046	0.08150845766067505	0.3541809681077324	7	0.3308016104868776	2	0.3150174214053899	3	0.9539738893508911	0.29709160327911377	0.04087149724364281	-0.032585352659225464	-0.03279198333621025	0.998930811882019	0.29811424016952515	-0.954285740852356	-0.021601863205432892
0.4780518412590027	9.710845947265625	0.8584343791007996	0.5337793231010437	0.04117210954427719	0.3585195498601373	7	0.3263578811202801	2	0.3151225690195827	3	0.9987908005714417	-0.03803929686546326	0.031143108382821083	-0.03228624537587166	-0.029816165566444397	0.9990338683128357	-0.037073977291584015	-0.9988313317298889	-0.03100825846195221
0.49061036109924316	10.15975570678711	1.0039843320846558	0.5506202578544617	0.0004178797244094312	0.35039416980363675	7	0.33520603191248266	4	0.3143997982838806	2	0.9987908005714417	-0.03803929686546326	0.031143108382821083	-0.03228624537587166	-0.029816165566444397	0.9990338087081909	-0.037073973566293716	-0.9988312721252441	-0.03100825846195221
0.47328925132751465	9.710931777954102	1.0112802982330322	0.5466128587722778	0.040754228830337524	0.35815040461225434	7	0.32093934830280213	2	0.3209102470849435	4	0.9987908005714417	-0.03803929686546326	0.031143108382821083	-0.03228624537587166	-0.029816165566444397	0.9990338087081909	-0.037073977291584015	-0.9988313913345337	-0.031008262187242508
0.47328925132751465	9.710931777954102	1.0112802982330322	0.5466128587722778	0.040754228830337524	0.35815040461225434	7	0.32093934830280213	2	0.3209102470849435	4	0.9480445384979248	-0.049168672412633896	0.3143150806427002	-0.31624463200569153	-0.03803348168730736	0.9479149580001831	-0.03465322405099869	-0.9980660676956177	-0.051606763154268265
0.4667491614818573	10.16050910949707	1.101334571838379	0.563453733921051	5.953929571589356e-10	0.34783057480369345	7	0.3411918800738556	4	0.31097754512245096	2	0.9480445384979248	-0.049168672412633896	0.3143150806427002	-0.31624463200569153	-0.03803347796201706	0.9479149580001831	-0.03465322405099869	-0.9980660676956177	-0.051606759428977966
0.43995147943496704	9.711540222167969	1.1119296550750732	0.559446394443512	0.040336351841688156	0.35303377001389086	7	0.335005007043012	4	0.31196122294309714	2	0.9480445384979248	-0.049168672412633896	0.3143150806427002	-0.31624463200569153	-0.03803347796201706	0.9479149580001831	-0.03465322405099869	-0.9980660676956177	-0.051606759428977966
0.47328925132751465	9.710931777954102	1.0112802982330322	0.5466128587722778	0.040754228830337524	0.35815040461225434	7	0.32093934830280213	2	0.3209102470849435	4	0.8901280164718628	0.23578707873821259	0.38996997475624084	-0.39180466532707214	-0.04104466363787651	0.9191325306892395	0.23272576928138733	-0.9709376692771912	0.05584746599197388
0.5802863240242004	9.221040725708008	1.063255786895752	0.5554389357566833	0.08067269623279572	0.3536655550085384	4	0.34188645014926317	7	0.3044479948421984	2	0.8901280164718628	0.23578707873821259	0.38996997475624084	-0.39180460572242737	-0.04104466363787651	0.9191324710845947	0.23272575438022614	-0.9709376096725464	0.05584745481610298
0.6264454126358032	9.220630645751953	0.9581430554389954	0.5426055192947388	0.08109056949615479	0.35013426676184367	7	0.3302790678214301	4	0.31958666541672626	2	0.8901280164718628	0.23578707873821259	0.38996997475624084	-0.39180469512939453	-0.04104466736316681	0.9191325306892395	0.23272576928138733	-0.9709376692771912	0.055847469717264175
0.8071881532669067	8.73534107208252	0.743445873260498	0.5259571671485901	0.12085297703742981	0.3794565704743589	4	0.3122905575246555	7	0.3082528720009856	2	0.961500883102417	0.26818573474884033	0.059936169534921646	-0.06760892271995544	0.019458098337054253	0.9975221753120422	0.2663549482822418	-0.9631706476211548	0.03684072569012642
0.9157071709632874	8.321840286254883	0.8527935743331909	0.5360031127929688	0.15448977053165436	0.5413286260291533	4	0.2427360228241743	2	0.21593535114667242	7	0.961500883102417	0.26818573474884033	0.059936169534921646	-0.06760892271995544	0.019458098337054253	0.9975221157073975	0.2663549780845642	-0.9631707072257996	0.03684072941541672
0.9253462553024292	8.321831703186035	0.6982010006904602	0.5232980847358704	0.15424641966819763	0.5618520929680642	4	0.2315556151185062	2	0.20659229191342965	7	0.961500883102417	0.26818573474884033	0.059936169534921646	-0.06760892271995544	0.019458098337054253	0.9975221157073975	0.2663549780845642	-0.9631707072257996	0.03684072941541672
0.6330395936965942	9.220571517944336	0.8046593070030212	0.5297719836235046	0.08150845766067505	0.3541809681077324	7	0.3308016104868776	2	0.3150174214053899	3	0.9420179128646851	0.3316139280796051	0.05132680758833885	-0.047359973192214966	-0.020038221031427383	0.9986768960952759	0.3322036862373352	-0.9432023763656616	-0.0031711366027593613
0.7987799644470215	8.735371589660645	0.8975669741630554	0.5387586355209351	0.1206003949046135	0.41455921928364536	4	0.297211752473128	7	0.28822902824322666	2	0.9420179128646851	0.3316139280796051	0.05132680758833885	-0.047359976917505264	-0.020038222894072533	0.9986768960952759	0.3322036564350128	-0.9432023763656616	-0.0031711370684206486
0.8071881532669067	8.73534107208252	0.743445873260498	0.5259571671485901	0.12085297703742981	0.3794565704743589	4	0.3122905575246555	7	0.3082528720009856	2	0.9420179128646851	0.3316139280796051	0.05132680758833885	-0.047359973192214966	-0.020038221031427383	0.9986768960952759	0.3322036862373352	-0.9432023763656616	-0.0031711366027593613
0.6264454126358032	9.220630645751953	0.9581430554389954	0.5426055192947388	0.08109056949615479	0.35013426676184367	7	0.3302790678214301	4	0.31958666541672626	2	0.8540632128715515	0.24610485136508942	0.4582667052745819	-0.4816751182079315	0.041572436690330505	0.8753632307052612	0.1963798999786377	-0.9683513045310974	0.15404808521270752
0.7399224638938904	8.735586166381836	1.0071433782577515	0.5514315962791443	0.12100905179977417	0.45630495063789805	4	0.2798505933539896	7	0.26384445600811235	2	0.8540632128715515	0.24610485136508942	0.4582667052745819	-0.4816751182079315	0.04157242178916931	0.8753632307052612	0.1963799148797989	-0.9683513045310974	0.15404807031154633
0.7987799644470215	8.735371589660645	0.8975669741630554	0.5387586355209351	0.1206003949046135	0.41455921928364536	4	0.297211752473128	7	0.28822902824322666	2	0.8540632128715515	0.24610485136508942	0.4582667052745819	-0.4816751182079315	0.041572436690330505	0.8753632307052612	0.1963798999786377	-0.9683513045310974	0.15404808521270752
0.7987799644470215	8.735371589660645	0.8975669741630554	0.5387586355209351	0.1206003949046135	0.41455921928364536	4	0.297211752473128	7	0.28822902824322666	2	0.8437362909317017	0.18397393822669983	0.5042446851730347	-0.5245376229286194	0.481923907995224	0.701861560344696	-0.11388333141803741	-0.8566814064979553	0.5031179189682007
0.8482340574264526	8.321908950805664	0.9656690955162048	0.5474241971969604	0.16134539246559143	0.572666141672615	4	0.22589873425451562	2	0.20143512407286943	7	0.8437362909317017	0.18397393822669983	0.5042446851730347	-0.5245376229286194	0.4819239675998688	0.701861560344696	-0.11388334631919861	-0.8566813468933105	0.5031179189682007
0.9157071709632874	8.321840286254883	0.8527935743331909	0.5360031127929688	0.15448977053165436	0.5413286260291533	4	0.2427360228241743	2	0.21593535114667242	7	0.8437362909317017	0.18397393822669983	0.5042446851730347	-0.5245376229286194	0.4819239675998688	0.701861560344696	-0.11388334631919861	-0.8566812872886658	0.5031179189682007
-2.3283064365386963e-10	8.741048812866211	-0.984103262424469	0.09923799335956573	0.12402104586362839	0.3911354408164027	7	0.39113540546670367	4	0.21772915371689358	2	0.024339163675904274	0.014502838253974915	-0.9995985627174377	0.9706200957298279	-0.23977163434028625	0.02015480399131775	-0.23938308656215668	-0.9707210063934326	-0.019912587478756905
0.25227776169776917	8.327884674072266	-0.9839550256729126	0.11719157546758652	0.15754638612270355	0.5504108082815447	4	0.2575590845803324	7	0.19203010713812294	2	0.024339163675904274	0.014502838253974915	-0.9995985627174377	0.9706200957298279	-0.23977164924144745	0.02015480399131775	-0.23938310146331787	-0.9707210063934326	-0.019912587478756905
-1.979060471057892e-09	8.325918197631836	-0.9901262521743774	0.09672506153583527	0.16368936002254486	0.3846628517442298	4	0.3846627818189996	7	0.23067436643677058	2	0.024339163675904274	0.014502838253974915	-0.9995985627174377	0.9706200957298279	-0.23977163434028625	0.02015480399131775	-0.23938308656215668	-0.9707210063934326	-0.019912587478756905
-4.307366907596588e-09	9.228611946105957	-0.9770193696022034	0.10175088793039322	0.08435269445180893	0.3868080077274395	4	0.3868079357572474	7	0.22638405651531304	2	0.0382571816444397	0.014517014846205711	-0.9991625547409058	0.9991632103919983	0.013923395425081253	0.03845950588583946	0.014470050111413002	-0.9997977018356323	-0.01397219579666853
0.25883176922798157	8.742783546447754	-0.9741675853729248	0.11981761455535889	0.1241733580827713	0.5114690567804776	4	0.2956600484165049	7	0.1928708948030175	2	0.0382571816444397	0.014517014846205711	-0.9991625547409058	0.9991632103919983	0.013923397287726402	0.038459502160549164	0.014470051974058151	-0.9997977018356323	-0.01397219579666853
-2.3283064365386963e-10	8.741048812866211	-0.984103262424469	0.09923799335956573	0.12402104586362839	0.3911354408164027	7	0.39113540546670367	4	0.21772915371689358	2	0.0382571816444397	0.014517014846205711	-0.9991625547409058	0.9991631507873535	0.013923396356403828	0.038459502160549164	0.014470052905380726	-0.9997977614402771	-0.013972196727991104
0.2634854018688202	9.230113983154297	-0.9626562595367432	0.12263499200344086	0.08536230027675629	0.45826867171669866	4	0.3270352356411062	7	0.21469609264219514	2	0.0837959498167038	0.022731803357601166	-0.9962236285209656	0.9949888586997986	0.05281796678900719	0.08489728718996048	0.05454837530851364	-0.9983454346656799	-0.018191957846283913
0.5176635384559631	8.746599197387695	-0.952309250831604	0.14035680890083313	0.12496411800384521	0.5681385225229951	4	0.2450948700999839	7	0.18676660737702092	2	0.0837959498167038	0.022731803357601166	-0.9962236285209656	0.9949887990951538	0.05281796306371689	0.08489727973937988	0.05454837158322334	-0.9983453750610352	-0.018191957846283913
0.25883176922798157	8.742783546447754	-0.9741675853729248	0.11981761455535889	0.1241733580827713	0.5114690567804776	4	0.2956600484165049	7	0.1928708948030175	2	0.0837959498167038	0.022731803357601166	-0.9962236285209656	0.9949887990951538	0.05281795933842659	0.08489727973937988	0.054548367857933044	-0.9983454346656799	-0.018191959708929062
0.25883176922798157	8.742783546447754	-0.9741675853729248	0.11981761455535889	0.1241733580827713	0.5114690567804776	4	0.2956600484165049	7	0.1928708948030175	2	0.053336288779973984	0.022707737982273102	-0.9983184337615967	0.9981207251548767	0.028994636610150337	0.05398523807525635	0.03017175942659378	-0.9993215799331665	-0.02111859619617462
0.5045555233955383	8.332213401794434	-0.9703783392906189	0.13725364208221436	0.15778778493404388	0.6324918777174532	4	0.19243927326142551	7	0.17506884902112133	2	0.053336288779973984	0.022707737982273102	-0.9983184337615967	0.9981207251548767	0.028994636610150337	0.05398523807525635	0.03017175942659378	-0.9993215799331665	-0.02111859619617462
0.25227776169776917	8.327884674072266	-0.9839550256729126	0.11719157546758652	0.15754638612270355	0.5504108082815447	4	0.2575590845803324	7	0.19203010713812294	2	0.053336288779973984	0.022707737982273102	-0.9983184337615967	0.9981207251548767	0.028994636610150337	0.05398523807525635	0.03017175942659378	-0.9993215799331665	-0.02111859619617462
3.259629011154175e-09	9.707341194152832	-0.9642955660820007	0.10426381230354309	0.04468436539173126	0.37970743535311896	7	0.37970739875660037	4	0.24058516589028067	2	0.0542612187564373	0.026529762893915176	-0.998174250125885	0.9971100687980652	0.05179300531744957	0.05557994171977043	0.053172964602708817	-0.9983054399490356	-0.02364274300634861
0.2634854018688202	9.230113983154297	-0.9626562595367432	0.12263499200344086	0.08536230027675629	0.45826867171669866	4	0.3270352356411062	7	0.21469609264219514	2	0.0542612187564373	0.026529762893915176	-0.998174250125885	0.9971100687980652	0.05179300904273987	0.05557994171977043	0.053172968327999115	-0.9983054399490356	-0.02364274300634861
-4.307366907596588e-09	9.228611946105957	-0.9770193696022034	0.10175088793039322	0.08435269445180893	0.3868080077274395	4	0.3868079357572474	7	0.22638405651531304	2	0.0542612187564373	0.026529762893915176	-0.998174250125885	0.9971099495887756	0.05179299786686897	0.055579930543899536	0.053172964602708817	-0.9983054399490356	-0.02364274300634861
-2.7939677238464355e-09	10.060660362243652	-0.9187937378883362	0.10677672922611237	0.005016031209379435	0.3746270522333166	7	0.3746270522333166	4	0.25074589553336674	2	0.06858115643262863	0.127428337931633	-0.9894739389419556	0.9964410662651062	0.03997195512056351	0.07421180605888367	0.04900789633393288	-0.9910420179367065	-0.12423351407051086
0.26764512062072754	9.708574295043945	-0.945586085319519	0.12547750771045685	0.04575134441256523	0.424731130924683	4	0.34065794396851445	7	0.23461092510680254	2	0.06858115643262863	0.127428337931633	-0.9894739389419556	0.996441125869751	0.039971958845853806	0.07421180605888367	0.049007900059223175	-0.9910420179367065	-0.12423351407051086
3.259629011154175e-09	9.707341194152832	-0.9642955660820007	0.10426381230354309	0.04468436539173126	0.37970743535311896	7	0.37970739875660037	4	0.24058516589028067	2	0.06858115643262863	0.127428337931633	-0.9894739389419556	0.996441125869751	0.039971958845853806	0.07421180605888367	0.049007900059223175	-0.9910420179367065	-0.12423351407051086
0.2707415819168091	10.061362266540527	-0.8968859314918518	0.12832005321979523	0.006140375509858131	0.41281927590549	4	0.3419033297017044	7	0.24527739439280563	2	0.14930981397628784	0.13392791152000427	-0.9796784520149231	0.9866483807563782	0.04500190541148186	0.15652412176132202	0.06505035609006882	-0.9899688363075256	-0.12542054057121277
0.5352902412414551	9.711282730102539	-0.9044248461723328	0.1466912180185318	0.0468183234333992	0.43749783730332736	4	0.32105898078902867	7	0.24144318190764402	2	0.14930981397628784	0.13392791152000427	-0.9796784520149231	0.986648440361023	0.045001909136772156	0.15652412176132202	0.06505034863948822	-0.9899687767028809	-0.12542054057121277
0.26764512062072754	9.708574295043945	-0.945586085319519	0.12547750771045685	0.04575134441256523	0.424731130924683	4	0.34065794396851445	7	0.23461092510680254	2	0.14930981397628784	0.13392791152000427	-0.9796784520149231	0.986648440361023	0.045001912862062454	0.15652412176132202	0.06505034863948822	-0.9899687767028809	-0.12542054057121277
0.26764512062072754	9.708574295043945	-0.945586085319519	0.12547750771045685	0.04575134441256523	0.424731130924683	4	0.34065794396851445	7	0.23461092510680254	2	0.11857624351978302	0.03437346592545509	-0.9923498630523682	0.9910081028938293	0.058294616639614105	0.12043515592813492	0.061988428235054016	-0.9977074861526489	-0.02715202420949936
0.5269708037376404	9.233424186706543	-0.9310576319694519	0.1435191035270691	0.08637192100286484	0.48496381651881904	4	0.2961377784586887	7	0.21889840502249225	2	0.11857624351978302	0.03437346592545509	-0.9923498630523682	0.9910081624984741	0.058294616639614105	0.12043516337871552	0.06198842078447342	-0.9977074265480042	-0.02715202607214451
0.2634854018688202	9.230113983154297	-0.9626562595367432	0.12263499200344086	0.08536230027675629	0.45826867171669866	4	0.3270352356411062	7	0.21469609264219514	2	0.11857624351978302	0.03437346592545509	-0.9923498630523682	0.9910081028938293	0.058294616639614105	0.12043515592813492	0.061988428235054016	-0.9977074861526489	-0.02715202607214451
0.5352902412414551	9.711282730102539	-0.9044248461723328	0.1466912180185318	0.0468183234333992	0.43749783730332736	4	0.32105898078902867	7	0.24144318190764402	2	0.15099257230758667	0.052388451993465424	-0.987145721912384	0.986299455165863	0.05913495644927025	0.15400145947933197	0.06644271314144135	-0.9968743920326233	-0.04274176061153412
0.779491662979126	9.236379623413086	-0.8922755122184753	0.16440318524837494	0.08738154172897339	0.46455628019714124	4	0.29430438322881525	7	0.24113933657404354	2	0.15099257230758667	0.052388451993465424	-0.987145721912384	0.986299455165863	0.05913495644927025	0.15400145947933197	0.06644271314144135	-0.9968743920326233	-0.04274176061153412
0.5269708037376404	9.233424186706543	-0.9310576319694519	0.1435191035270691	0.08637192100286484	0.48496381651881904	4	0.2961377784586887	7	0.21889840502249225	2	0.15099257230758667	0.052388451993465424	-0.987145721912384	0.986299455165863	0.05913495644927025	0.15400145947933197	0.06644271314144135	-0.9968743920326233	-0.04274176061153412
0.5414831042289734	10.062908172607422	-0.8486886024475098	0.1498633623123169	0.007264718879014254	0.42247042499793686	4	0.3261746026997828	7	0.2513549723022803	2	0.18326301872730255	0.150754913687706	-0.9714359045028687	0.9810530543327332	0.035126134753227234	0.19052846729755402	0.06284589320421219	-0.9879469871520996	-0.14146125316619873
0.7902390360832214	9.710931777954102	-0.8563827872276306	0.16790494322776794	0.04788529872894287	0.4158232253265388	4	0.32218499048880045	7	0.2619917841846607	2	0.18326301872730255	0.150754913687706	-0.9714359045028687	0.9810531139373779	0.03512613847851753	0.1905284970998764	0.06284589320421219	-0.9879469275474548	-0.14146123826503754
0.5352902412414551	9.711282730102539	-0.9044248461723328	0.1466912180185318	0.0468183234333992	0.43749783730332736	4	0.32105898078902867	7	0.24144318190764402	2	0.18326301872730255	0.150754913687706	-0.9714359045028687	0.9810530543327332	0.03512613847851753	0.19052846729755402	0.06284589320421219	-0.9879469871520996	-0.14146125316619873
0.7902390360832214	9.710931777954102	-0.8563827872276306	0.16790494322776794	0.04788529872894287	0.4158232253265388	4	0.32218499048880045	7	0.2619917841846607	2	0.3530607521533966	0.14818665385246277	-0.923790454864502	0.934565007686615	-0.009418698027729988	0.35566776990890503	0.04400431364774704	-0.9889145493507385	-0.1418154388666153
0.9447602033615112	9.98045539855957	-0.7540920972824097	0.1929500550031662	0.009513407945632935	0.3761790382962762	4	0.3377243561334186	7	0.2860966055703052	2	0.3530607521533966	0.14818665385246277	-0.923790454864502	0.934565007686615	-0.009418698027729988	0.35566776990890503	0.04400431364774704	-0.9889145493507385	-0.1418154388666153
0.9733505845069885	9.70154857635498	-0.7879050970077515	0.1891186684370041	0.04895228147506714	0.37462247392076214	4	0.3368236986210449	7	0.2885538274581929	2	0.3530607521533966	0.14818665385246277	-0.923790454864502	0.9345650672912598	-0.009418700821697712	0.35566776990890503	0.04400430992245674	-0.9889146089553833	-0.1418154388666153
0.7902390360832214	9.710931777954102	-0.8563827872276306	0.16790494322776794	0.04788529872894287	0.4158232253265388	4	0.32218499048880045	7	0.2619917841846607	2	0.3267773389816284	0.0639183521270752	-0.9429373741149902	0.9421878457069397	0.05624912306666374	0.330330491065979	0.0741535872220993	-0.9963686466217041	-0.041842155158519745
0.9662250280380249	9.235413551330566	-0.8276280760765076	0.1852872669696808	0.08839114755392075	0.41083377284524847	4	0.3141411765231102	7	0.27502505063164134	2	0.3267773389816284	0.0639183521270752	-0.9429373741149902	0.9421878457069397	0.05624912306666374	0.330330491065979	0.0741535872220993	-0.9963686466217041	-0.041842155158519745
0.779491662979126	9.236379623413086	-0.8922755122184753	0.16440318524837494	0.08738154172897339	0.46455628019714124	4	0.29430438322881525	7	0.24113933657404354	2	0.3267773389816284	0.0639183521270752	-0.9429373741149902	0.9421878457069397	0.05624912679195404	0.330330491065979	0.0741535872220993	-0.9963686466217041	-0.041842155158519745
0.5176635384559631	8.746599197387695	-0.952309250831604	0.14035680890083313	0.12496411800384521	0.5681385225229951	4	0.2450948700999839	7	0.18676660737702092	2	0.0814530998468399	0.04084654524922371	-0.9958398342132568	0.9918252229690552	0.09514735639095306	0.08502740412950516	0.09822460263967514	-0.9946248531341553	-0.03276258707046509
0.7463356852531433	8.336235046386719	-0.9504373669624329	0.15730255842208862	0.15931108593940735	0.6573162911989312	4	0.17465375160003402	2	0.1680299572010348	7	0.0814530998468399	0.04084654524922371	-0.9958398342132568	0.9918252825737	0.09514737874269485	0.08502741158008575	0.09822461009025574	-0.9946247935295105	-0.03276258334517479
0.5045555233955383	8.332213401794434	-0.9703783392906189	0.13725364208221436	0.15778778493404388	0.6324918777174532	4	0.19243927326142551	7	0.17506884902112133	2	0.0814530998468399	0.04084654524922371	-0.9958398342132568	0.9918252229690552	0.09514736384153366	0.08502740412950516	0.09822461009025574	-0.9946248531341553	-0.03276258334517479
0.5269708037376404	9.233424186706543	-0.9310576319694519	0.1435191035270691	0.08637192100286484	0.48496381651881904	4	0.2961377784586887	7	0.21889840502249225	2	0.11386356502771378	0.04115549474954605	-0.9926435947418213	0.9907281994819641	0.06983089447021484	0.11653907597064972	0.07411341369152069	-0.9967095255851746	-0.03282271325588226
0.7657246589660645	8.75008487701416	-0.923710286617279	0.16089268028736115	0.12607534229755402	0.570112545816085	4	0.2309948574985094	7	0.19889259668540565	2	0.11386356502771378	0.04115549474954605	-0.9926435947418213	0.9907281398773193	0.06983088701963425	0.11653906852006912	0.07411341369152069	-0.9967095851898193	-0.03282271698117256
0.5176635384559631	8.746599197387695	-0.952309250831604	0.14035680890083313	0.12496411800384521	0.5681385225229951	4	0.2450948700999839	7	0.18676660737702092	2	0.11386356502771378	0.04115549474954605	-0.9926435947418213	0.9907281398773193	0.06983088701963425	0.11653906852006912	0.07411341369152069	-0.9967095851898193	-0.03282271698117256
0.779491662979126	9.236379623413086	-0.8922755122184753	0.16440318524837494	0.08738154172897339	0.46455628019714124	4	0.29430438322881525	7	0.24113933657404354	2	0.29704204201698303	0.053218577057123184	-0.9533802270889282	0.9471168518066406	0.11051059514284134	0.3012593686580658	0.12139120697975159	-0.992449164390564	-0.017577918246388435
0.9491616487503052	8.74950885772705	-0.8665894865989685	0.18145591020584106	0.12783002853393555	0.5343155771724621	4	0.24249782421137608	7	0.22318659861616177	2	0.29704204201698303	0.053218577057123184	-0.9533802270889282	0.9471167922019958	0.11051058769226074	0.3012593388557434	0.1213911846280098	-0.9924490451812744	-0.017577918246388435
0.7657246589660645	8.75008487701416	-0.923710286617279	0.16089268028736115	0.12607534229755402	0.570112545816085	4	0.2309948574985094	7	0.19889259668540565	2	0.29704204201698303	0.053218577057123184	-0.9533802270889282	0.9471167325973511	0.11051058769226074	0.3012593388557434	0.12139120697975159	-0.9924491047859192	-0.017577914521098137
0.7657246589660645	8.75008487701416	-0.923710286617279	0.16089268028736115	0.12607534229755402	0.570112545816085	4	0.2309948574985094	7	0.19889259668540565	2	0.27263036370277405	0.049280796200037	-0.9608559012413025	0.8488898873329163	0.4577244818210602	0.264337420463562	0.45283401012420654	-0.8877272605895996	0.08295562863349915
0.925130307674408	8.336054801940918	-0.8997159600257874	0.17762450873851776	0.16726888716220856	0.6435542828318083	4	0.18588219783279747	2	0.1705635193353943	7	0.27263036370277405	0.049280796200037	-0.9608559012413025	0.8488898277282715	0.4577244818210602	0.264337420463562	0.45283403992652893	-0.8877272009849548	0.08295563608407974
0.7463356852531433	8.336235046386719	-0.9504373669624329	0.15730255842208862	0.15931108593940735	0.6573162911989312	4	0.17465375160003402	2	0.1680299572010348	7	0.27263036370277405	0.049280796200037	-0.9608559012413025	0.8488898873329163	0.4577244520187378	0.264337420463562	0.45283403992652893	-0.8877273797988892	0.08295562118291855
0.0	4.3435959815979	0.14147037267684937	0.6307173371315002	0.4347001910209656	0.7644638730346974	1	0.11776811888537012	11	0.11776800807993251	14	-0.8721603751182556	-0.4892200529575348	-1.2400352034092066e-06	-0.003281153505668044	0.005852033384144306	-0.9999775290489197	0.48920905590057373	-0.8721407651901245	-0.006709117908030748
0.14792072772979736	4.079888820648193	0.32352954149246216	0.6163576245307922	0.48523834347724915	0.6472826342305371	11	0.17679241205524893	1	0.1759249537142139	12	-0.8721603751182556	-0.4892200529575348	-1.2400352034092066e-06	-0.003281153505668044	0.005852033384144306	-0.9999774694442749	0.4892090857028961	-0.8721408247947693	-0.006709118839353323
-6.984919309616089e-10	4.343595504760742	0.3302499055862427	0.6148194670677185	0.4344877004623413	0.509573679435588	1	0.24521325320405954	11	0.24521306736035253	14	-0.8721603751182556	-0.4892200529575348	-1.2400352034092066e-06	-0.003281153505668044	0.005852033384144306	-0.9999775290489197	0.48920905590057373	-0.8721407651901245	-0.006709117908030748
0.0	4.3435959815979	-0.05692114308476448	0.6466150283813477	0.43491262197494507	0.9600236450421182	1	0.019988189281319194	11	0.019988165676562527	14	-0.8721608519554138	-0.48921942710876465	0.0	-0.0031219779048115015	0.005565737374126911	-0.9999796152114868	0.48920944333076477	-0.8721430897712708	-0.006381550803780556
0.14792072772979736	4.079888820648193	0.13475002348423004	0.6314277052879333	0.4854397475719452	0.6419466165576303	11	0.20802647261923993	1	0.15002691082312983	12	-0.8721608519554138	-0.48921942710876465	0.0	-0.003121978370472789	0.0055657378397881985	-0.9999796748161316	0.4892094135284424	-0.872143030166626	-0.006381550803780556
0.0	4.3435959815979	0.14147037267684937	0.6307173371315002	0.4347001910209656	0.7644638730346974	1	0.11776811888537012	11	0.11776800807993251	14	-0.8721608519554138	-0.48921942710876465	0.0	-0.003121978370472789	0.0055657378397881985	-0.9999796748161316	0.4892094135284424	-0.872143030166626	-0.006381550803780556
0.14792072772979736	4.079888820648193	-0.06364153325557709	0.6472193598747253	0.48565077781677246	0.6165976734824858	11	0.23382619903504775	1	0.14957612748246643	12	-0.9689992666244507	-0.247063547372818	0.0	-0.0031018017325550318	0.012165467254817486	-0.9999212622642517	0.24704410135746002	-0.9689229726791382	-0.012554671615362167
0.2958414554595947	3.4997341632843018	0.11996515840291977	0.6320532560348511	0.5361781716346741	0.859227834467784	12	0.12170438448489808	11	0.019067781047317992	1	-0.9689992666244507	-0.247063547372818	0.0	-0.0031018012668937445	0.012165465392172337	-0.9999212026596069	0.24704408645629883	-0.9689229130744934	-0.012554669752717018
0.14792072772979736	4.079888820648193	0.13475002348423004	0.6314277052879333	0.4854397475719452	0.6419466165576303	11	0.20802647261923993	1	0.15002691082312983	12	-0.9689992666244507	-0.247063547372818	0.0	-0.003101801034063101	0.012165464460849762	-0.9999212026596069	0.24704408645629883	-0.9689229130744934	-0.012554667890071869
0.14792072772979736	4.079888820648193	0.13475002348423004	0.6314277052879333	0.4854397475719452	0.6419466165576303	11	0.20802647261923993	1	0.15002691082312983	12	-0.9689993262290955	-0.24706357717514038	0.0	-0.003108516801148653	0.012191803194582462	-0.9999209046363831	0.24704401195049286	-0.9689225554466248	-0.012581848539412022
0.2958414554595947	3.4997341632843018	0.3087446689605713	0.6170468330383301	0.5359776020050049	0.853039710359485	12	0.13273140924915966	11	0.0142288803913553	1	-0.9689993262290955	-0.24706357717514038	0.0	-0.0031006233766674995	0.01216084510087967	-0.9999212622642517	0.24704410135746002	-0.9689229130744934	-0.012549899518489838
0.14792072772979736	4.079888820648193	0.32352954149246216	0.6163576245307922	0.48523834347724915	0.6472826342305371	11	0.17679241205524893	1	0.1759249537142139	12	-0.9689993262290955	-0.24706357717514038	0.0	-0.0031109920237213373	0.012201512232422829	-0.9999207258224487	0.24704399704933167	-0.96892249584198	-0.012591870501637459
0.0	4.3435959815979	-0.25435084104537964	0.6625128388404846	0.43512511253356934	0.6833755469880294	1	0.15831228631200908	11	0.15831216669996154	14	-0.872160792350769	-0.4892193675041199	0.0	-0.0031381556764245033	0.005594578571617603	-0.9999794960021973	0.4892093241214752	-0.8721429109573364	-0.00641461880877614
0.14792072772979736	4.079888820648193	-0.06364153325557709	0.6472193598747253	0.48565077781677246	0.6165976734824858	11	0.23382619903504775	1	0.14957612748246643	12	-0.872160792350769	-0.4892193675041199	0.0	-0.0031381554435938597	0.005594578571617603	-0.9999794363975525	0.48920929431915283	-0.8721428513526917	-0.006414618343114853
0.0	4.3435959815979	-0.05692114308476448	0.6466150283813477	0.43491262197494507	0.9600236450421182	1	0.019988189281319194	11	0.019988165676562527	14	-0.872160792350769	-0.4892193675041199	0.0	-0.0031381556764245033	0.005594578571617603	-0.9999794363975525	0.48920929431915283	-0.8721428513526917	-0.00641461880877614
0.0	4.3435959815979	-0.4363974332809448	0.678410530090332	0.43533751368522644	0.5062415138878413	1	0.2468793013164752	11	0.24687918479568352	14	-0.872160792350769	-0.48921939730644226	0.0	-0.0034020855091512203	0.006065101828426123	-0.9999758005142212	0.48920756578445435	-0.8721396923065186	-0.006954110227525234
0.14792072772979736	4.079888820648193	-0.26107120513916016	0.6629472970962524	0.4858609437942505	0.5947586947201171	11	0.22331203703427235	1	0.18192926824561056	12	-0.872160792350769	-0.48921939730644226	0.0	-0.0034020852763205767	0.006065101828426123	-0.9999758005142212	0.48920756578445435	-0.8721396923065186	-0.006954110227525234
0.0	4.3435959815979	-0.25435084104537964	0.6625128388404846	0.43512511253356934	0.6833755469880294	1	0.15831228631200908	11	0.15831216669996154	14	-0.872160792350769	-0.48921939730644226	0.0	-0.0034020852763205767	0.006065101828426123	-0.9999758005142212	0.48920756578445435	-0.8721396923065186	-0.006954110227525234
0.14792072772979736	4.079888820648193	-0.44311776757240295	0.6775203347206116	0.4860557019710541	0.5726297948469641	11	0.22276650320882224	12	0.20460370194421368	1	-0.9689992666244507	-0.24706360697746277	0.0	-0.003119697794318199	0.012235654518008232	-0.9999203085899353	0.2470439225435257	-0.9689220190048218	-0.012627103365957737
0.2958414852619171	3.4997341632843018	-0.27585604786872864	0.6635175943374634	0.5365986227989197	0.8319235403727969	12	0.134414871150904	11	0.033661588476299104	1	-0.9689992666244507	-0.24706360697746277	0.0	-0.003119697794318199	0.012235654518008232	-0.9999203085899353	0.2470439225435257	-0.9689220786094666	-0.012627103365957737
0.14792072772979736	4.079888820648193	-0.26107120513916016	0.6629472970962524	0.4858609437942505	0.5947586947201171	11	0.22331203703427235	1	0.18192926824561056	12	-0.9689992666244507	-0.24706360697746277	0.0	-0.003119697794318199	0.012235654518008232	-0.9999202489852905	0.2470439374446869	-0.9689220786094666	-0.012627105228602886
0.14792072772979736	4.079888820648193	-0.26107120513916016	0.6629472970962524	0.4858609437942505	0.5947586947201171	11	0.22331203703427235	1	0.18192926824561056	12	-0.9689992666244507	-0.2470635175704956	0.0	-0.003104169387370348	0.012174755334854126	-0.9999210834503174	0.24704402685165405	-0.9689227938652039	-0.01256425678730011
